		#naca0018		
#group	#point	#x_cord	#y_cord	#z_cord
1	1	0,00E+00	0	0,0000
1	2	1,54E-05	0,0010476	0,0000
1	3	3,47E-05	0,0015701	0,0000
1	4	6,17E-05	0,0020916	0,0000
1	5	9,64E-05	0,0026124	0,0000
1	6	0,00013878	0,0031322	0,0000
1	7	0,0001889	0,0036511	0,0000
1	8	0,00024672	0,0041692	0,0000
1	9	0,00031225	0,0046863	0,0000
1	10	0,00038548	0,0052026	0,0000
1	11	0,00046642	0,0057179	0,0000
1	12	0,00055506	0,0062324	0,0000
1	13	0,00065141	0,0067459	0,0000
1	14	0,00075545	0,0072585	0,0000
1	15	0,00086719	0,0077703	0,0000
1	16	0,00098664	0,0082811	0,0000
1	17	0,0011138	0,008791	0,0000
1	18	0,0012486	0,0092999	0,0000
1	19	0,0013911	0,009808	0,0000
1	20	0,0015413	0,010315	0,0000
1	21	0,0016992	0,010821	0,0000
1	22	0,0018648	0,011326	0,0000
1	23	0,0020381	0,011831	0,0000
1	24	0,002219	0,012334	0,0000
1	25	0,0024076	0,012837	0,0000
1	26	0,0026039	0,013338	0,0000
1	27	0,0028079	0,013838	0,0000
1	28	0,0030195	0,014338	0,0000
1	29	0,0032388	0,014836	0,0000
1	30	0,0034658	0,015334	0,0000
1	31	0,0037004	0,015831	0,0000
1	32	0,0039426	0,016326	0,0000
1	33	0,0041926	0,016821	0,0000
1	34	0,0044501	0,017314	0,0000
1	35	0,0047153	0,017807	0,0000
1	36	0,0049882	0,018299	0,0000
1	37	0,0052686	0,018789	0,0000
1	38	0,0055568	0,019279	0,0000
1	39	0,0058525	0,019768	0,0000
1	40	0,0061558	0,020255	0,0000
1	41	0,0064668	0,020742	0,0000
1	42	0,0067854	0,021227	0,0000
1	43	0,0071116	0,021711	0,0000
1	44	0,0074453	0,022195	0,0000
1	45	0,0077867	0,022677	0,0000
1	46	0,0081357	0,023158	0,0000
1	47	0,0084922	0,023639	0,0000
1	48	0,0088564	0,024118	0,0000
1	49	0,0092281	0,024596	0,0000
1	50	0,0096074	0,025073	0,0000
1	51	0,0099942	0,025549	0,0000
1	52	0,010389	0,026023	0,0000
1	53	0,010791	0,026497	0,0000
1	54	0,0112	0,026969	0,0000
1	55	0,011617	0,027441	0,0000
1	56	0,012042	0,027911	0,0000
1	57	0,012474	0,02838	0,0000
1	58	0,012913	0,028848	0,0000
1	59	0,01336	0,029315	0,0000
1	60	0,013815	0,029781	0,0000
1	61	0,014277	0,030245	0,0000
1	62	0,014747	0,030709	0,0000
1	63	0,015224	0,031171	0,0000
1	64	0,015708	0,031632	0,0000
1	65	0,0162	0,032092	0,0000
1	66	0,0167	0,03255	0,0000
1	67	0,017207	0,033008	0,0000
1	68	0,017721	0,033464	0,0000
1	69	0,018243	0,033919	0,0000
1	70	0,018772	0,034372	0,0000
1	71	0,019309	0,034825	0,0000
1	72	0,019853	0,035276	0,0000
1	73	0,020405	0,035726	0,0000
1	74	0,020964	0,036175	0,0000
1	75	0,02153	0,036622	0,0000
1	76	0,022103	0,037068	0,0000
1	77	0,022685	0,037513	0,0000
1	78	0,023273	0,037957	0,0000
1	79	0,023869	0,038399	0,0000
1	80	0,024472	0,03884	0,0000
1	81	0,025082	0,03928	0,0000
1	82	0,0257	0,039718	0,0000
1	83	0,026325	0,040155	0,0000
1	84	0,026957	0,04059	0,0000
1	85	0,027597	0,041025	0,0000
1	86	0,028244	0,041458	0,0000
1	87	0,028898	0,041889	0,0000
1	88	0,02956	0,042319	0,0000
1	89	0,030228	0,042748	0,0000
1	90	0,030904	0,043175	0,0000
1	91	0,031588	0,043601	0,0000
1	92	0,032278	0,044026	0,0000
1	93	0,032976	0,044449	0,0000
1	94	0,03368	0,04487	0,0000
1	95	0,034393	0,045291	0,0000
1	96	0,035112	0,045709	0,0000
1	97	0,035838	0,046127	0,0000
1	98	0,036572	0,046542	0,0000
1	99	0,037312	0,046957	0,0000
1	100	0,03806	0,04737	0,0000
1	101	0,038815	0,047781	0,0000
1	102	0,039577	0,048191	0,0000
1	103	0,040346	0,048599	0,0000
1	104	0,041123	0,049006	0,0000
1	105	0,041906	0,049411	0,0000
1	106	0,042696	0,049815	0,0000
1	107	0,043494	0,050217	0,0000
1	108	0,044298	0,050618	0,0000
1	109	0,04511	0,051017	0,0000
1	110	0,045928	0,051414	0,0000
1	111	0,046754	0,05181	0,0000
1	112	0,047586	0,052204	0,0000
1	113	0,048426	0,052597	0,0000
1	114	0,049272	0,052988	0,0000
1	115	0,050126	0,053377	0,0000
1	116	0,050986	0,053765	0,0000
1	117	0,051853	0,054151	0,0000
1	118	0,052728	0,054536	0,0000
1	119	0,053609	0,054919	0,0000
1	120	0,054497	0,0553	0,0000
1	121	0,055392	0,055679	0,0000
1	122	0,056293	0,056057	0,0000
1	123	0,057202	0,056433	0,0000
1	124	0,058117	0,056808	0,0000
1	125	0,059039	0,05718	0,0000
1	126	0,059968	0,057551	0,0000
1	127	0,060904	0,05792	0,0000
1	128	0,061847	0,058288	0,0000
1	129	0,062796	0,058653	0,0000
1	130	0,063752	0,059017	0,0000
1	131	0,064715	0,05938	0,0000
1	132	0,065684	0,05974	0,0000
1	133	0,06666	0,060099	0,0000
1	134	0,067643	0,060455	0,0000
1	135	0,068633	0,06081	0,0000
1	136	0,069629	0,061164	0,0000
1	137	0,070632	0,061515	0,0000
1	138	0,071641	0,061865	0,0000
1	139	0,072657	0,062212	0,0000
1	140	0,07368	0,062558	0,0000
1	141	0,074709	0,062902	0,0000
1	142	0,075745	0,063244	0,0000
1	143	0,076787	0,063584	0,0000
1	144	0,077836	0,063923	0,0000
1	145	0,078891	0,064259	0,0000
1	146	0,079953	0,064594	0,0000
1	147	0,081022	0,064926	0,0000
1	148	0,082096	0,065257	0,0000
1	149	0,083178	0,065586	0,0000
1	150	0,084265	0,065913	0,0000
1	151	0,085359	0,066238	0,0000
1	152	0,08646	0,066561	0,0000
1	153	0,087567	0,066882	0,0000
1	154	0,08868	0,067201	0,0000
1	155	0,089799	0,067518	0,0000
1	156	0,090925	0,067833	0,0000
1	157	0,092057	0,068146	0,0000
1	158	0,093196	0,068457	0,0000
1	159	0,094341	0,068766	0,0000
1	160	0,095492	0,069073	0,0000
1	161	0,096649	0,069378	0,0000
1	162	0,097812	0,069681	0,0000
1	163	0,098982	0,069982	0,0000
1	164	0,10016	0,070281	0,0000
1	165	0,10134	0,070578	0,0000
1	166	0,10253	0,070873	0,0000
1	167	0,10372	0,071166	0,0000
1	168	0,10492	0,071456	0,0000
1	169	0,10613	0,071745	0,0000
1	170	0,10734	0,072032	0,0000
1	171	0,10856	0,072316	0,0000
1	172	0,10978	0,072598	0,0000
1	173	0,11102	0,072878	0,0000
1	174	0,11225	0,073157	0,0000
1	175	0,11349	0,073433	0,0000
1	176	0,11474	0,073706	0,0000
1	177	0,116	0,073978	0,0000
1	178	0,11726	0,074248	0,0000
1	179	0,11852	0,074515	0,0000
1	180	0,1198	0,07478	0,0000
1	181	0,12108	0,075043	0,0000
1	182	0,12236	0,075304	0,0000
1	183	0,12365	0,075563	0,0000
1	184	0,12494	0,07582	0,0000
1	185	0,12625	0,076074	0,0000
1	186	0,12755	0,076326	0,0000
1	187	0,12887	0,076576	0,0000
1	188	0,13018	0,076824	0,0000
1	189	0,13151	0,07707	0,0000
1	190	0,13284	0,077313	0,0000
1	191	0,13417	0,077554	0,0000
1	192	0,13552	0,077793	0,0000
1	193	0,13686	0,07803	0,0000
1	194	0,13822	0,078264	0,0000
1	195	0,13957	0,078497	0,0000
1	196	0,14094	0,078727	0,0000
1	197	0,14231	0,078954	0,0000
1	198	0,14368	0,07918	0,0000
1	199	0,14506	0,079403	0,0000
1	200	0,14645	0,079624	0,0000
1	201	0,14784	0,079843	0,0000
1	202	0,14923	0,080059	0,0000
1	203	0,15064	0,080273	0,0000
1	204	0,15204	0,080485	0,0000
1	205	0,15346	0,080695	0,0000
1	206	0,15487	0,080902	0,0000
1	207	0,1563	0,081107	0,0000
1	208	0,15773	0,08131	0,0000
1	209	0,15916	0,08151	0,0000
1	210	0,1606	0,081708	0,0000
1	211	0,16204	0,081904	0,0000
1	212	0,16349	0,082098	0,0000
1	213	0,16495	0,082289	0,0000
1	214	0,16641	0,082478	0,0000
1	215	0,16787	0,082664	0,0000
1	216	0,16934	0,082848	0,0000
1	217	0,17082	0,08303	0,0000
1	218	0,1723	0,08321	0,0000
1	219	0,17379	0,083387	0,0000
1	220	0,17528	0,083562	0,0000
1	221	0,17677	0,083735	0,0000
1	222	0,17827	0,083905	0,0000
1	223	0,17978	0,084073	0,0000
1	224	0,18129	0,084238	0,0000
1	225	0,1828	0,084402	0,0000
1	226	0,18432	0,084562	0,0000
1	227	0,18585	0,084721	0,0000
1	228	0,18738	0,084877	0,0000
1	229	0,18891	0,085031	0,0000
1	230	0,19045	0,085182	0,0000
1	231	0,192	0,085332	0,0000
1	232	0,19355	0,085478	0,0000
1	233	0,1951	0,085623	0,0000
1	234	0,19666	0,085765	0,0000
1	235	0,19822	0,085905	0,0000
1	236	0,19979	0,086042	0,0000
1	237	0,20136	0,086177	0,0000
1	238	0,20294	0,08631	0,0000
1	239	0,20452	0,08644	0,0000
1	240	0,20611	0,086568	0,0000
1	241	0,2077	0,086693	0,0000
1	242	0,20929	0,086817	0,0000
1	243	0,21089	0,086937	0,0000
1	244	0,2125	0,087056	0,0000
1	245	0,21411	0,087172	0,0000
1	246	0,21572	0,087286	0,0000
1	247	0,21734	0,087397	0,0000
1	248	0,21896	0,087506	0,0000
1	249	0,22058	0,087613	0,0000
1	250	0,22221	0,087717	0,0000
1	251	0,22385	0,087819	0,0000
1	252	0,22549	0,087919	0,0000
1	253	0,22713	0,088016	0,0000
1	254	0,22878	0,088111	0,0000
1	255	0,23043	0,088204	0,0000
1	256	0,23209	0,088294	0,0000
1	257	0,23375	0,088382	0,0000
1	258	0,23541	0,088468	0,0000
1	259	0,23708	0,088551	0,0000
1	260	0,23875	0,088632	0,0000
1	261	0,24043	0,08871	0,0000
1	262	0,24211	0,088786	0,0000
1	263	0,24379	0,08886	0,0000
1	264	0,24548	0,088932	0,0000
1	265	0,24717	0,089001	0,0000
1	266	0,24887	0,089068	0,0000
1	267	0,25057	0,089133	0,0000
1	268	0,25227	0,089195	0,0000
1	269	0,25398	0,089255	0,0000
1	270	0,25569	0,089312	0,0000
1	271	0,2574	0,089368	0,0000
1	272	0,25912	0,089421	0,0000
1	273	0,26085	0,089471	0,0000
1	274	0,26257	0,08952	0,0000
1	275	0,2643	0,089566	0,0000
1	276	0,26604	0,089609	0,0000
1	277	0,26777	0,089651	0,0000
1	278	0,26951	0,08969	0,0000
1	279	0,27126	0,089727	0,0000
1	280	0,273	0,089762	0,0000
1	281	0,27476	0,089794	0,0000
1	282	0,27651	0,089824	0,0000
1	283	0,27827	0,089852	0,0000
1	284	0,28003	0,089878	0,0000
1	285	0,2818	0,089901	0,0000
1	286	0,28356	0,089922	0,0000
1	287	0,28534	0,089941	0,0000
1	288	0,28711	0,089957	0,0000
1	289	0,28889	0,089972	0,0000
1	290	0,29067	0,089984	0,0000
1	291	0,29245	0,089993	0,0000
1	292	0,29424	0,090001	0,0000
1	293	0,29603	0,090006	0,0000
1	294	0,29783	0,09001	0,0000
1	295	0,29963	0,090011	0,0000
1	296	0,30143	0,090009	0,0000
1	297	0,30323	0,090006	0,0000
1	298	0,30504	0,09	0,0000
1	299	0,30685	0,089993	0,0000
1	300	0,30866	0,089983	0,0000
1	301	0,31047	0,089971	0,0000
1	302	0,31229	0,089956	0,0000
1	303	0,31411	0,08994	0,0000
1	304	0,31594	0,089921	0,0000
1	305	0,31776	0,0899	0,0000
1	306	0,31959	0,089877	0,0000
1	307	0,32143	0,089852	0,0000
1	308	0,32326	0,089825	0,0000
1	309	0,3251	0,089796	0,0000
1	310	0,32694	0,089764	0,0000
1	311	0,32878	0,089731	0,0000
1	312	0,33063	0,089695	0,0000
1	313	0,33248	0,089657	0,0000
1	314	0,33433	0,089618	0,0000
1	315	0,33618	0,089576	0,0000
1	316	0,33804	0,089532	0,0000
1	317	0,3399	0,089486	0,0000
1	318	0,34176	0,089438	0,0000
1	319	0,34363	0,089387	0,0000
1	320	0,34549	0,089335	0,0000
1	321	0,34736	0,089281	0,0000
1	322	0,34923	0,089225	0,0000
1	323	0,3511	0,089166	0,0000
1	324	0,35298	0,089106	0,0000
1	325	0,35486	0,089044	0,0000
1	326	0,35674	0,088979	0,0000
1	327	0,35862	0,088913	0,0000
1	328	0,3605	0,088845	0,0000
1	329	0,36239	0,088774	0,0000
1	330	0,36428	0,088702	0,0000
1	331	0,36617	0,088628	0,0000
1	332	0,36806	0,088552	0,0000
1	333	0,36996	0,088474	0,0000
1	334	0,37186	0,088394	0,0000
1	335	0,37375	0,088312	0,0000
1	336	0,37566	0,088228	0,0000
1	337	0,37756	0,088142	0,0000
1	338	0,37946	0,088054	0,0000
1	339	0,38137	0,087965	0,0000
1	340	0,38328	0,087873	0,0000
1	341	0,38519	0,08778	0,0000
1	342	0,3871	0,087685	0,0000
1	343	0,38901	0,087588	0,0000
1	344	0,39093	0,087489	0,0000
1	345	0,39285	0,087388	0,0000
1	346	0,39476	0,087285	0,0000
1	347	0,39668	0,087181	0,0000
1	348	0,39861	0,087075	0,0000
1	349	0,40053	0,086967	0,0000
1	350	0,40245	0,086857	0,0000
1	351	0,40438	0,086745	0,0000
1	352	0,40631	0,086632	0,0000
1	353	0,40824	0,086517	0,0000
1	354	0,41017	0,0864	0,0000
1	355	0,4121	0,086281	0,0000
1	356	0,41404	0,086161	0,0000
1	357	0,41597	0,086039	0,0000
1	358	0,41791	0,085915	0,0000
1	359	0,41984	0,08579	0,0000
1	360	0,42178	0,085662	0,0000
1	361	0,42372	0,085533	0,0000
1	362	0,42566	0,085403	0,0000
1	363	0,42761	0,085271	0,0000
1	364	0,42955	0,085137	0,0000
1	365	0,43149	0,085001	0,0000
1	366	0,43344	0,084864	0,0000
1	367	0,43539	0,084725	0,0000
1	368	0,43733	0,084584	0,0000
1	369	0,43928	0,084442	0,0000
1	370	0,44123	0,084299	0,0000
1	371	0,44318	0,084153	0,0000
1	372	0,44513	0,084006	0,0000
1	373	0,44708	0,083858	0,0000
1	374	0,44904	0,083708	0,0000
1	375	0,45099	0,083556	0,0000
1	376	0,45295	0,083403	0,0000
1	377	0,4549	0,083249	0,0000
1	378	0,45686	0,083093	0,0000
1	379	0,45881	0,082935	0,0000
1	380	0,46077	0,082776	0,0000
1	381	0,46273	0,082615	0,0000
1	382	0,46469	0,082453	0,0000
1	383	0,46665	0,082289	0,0000
1	384	0,4686	0,082124	0,0000
1	385	0,47056	0,081958	0,0000
1	386	0,47252	0,08179	0,0000
1	387	0,47449	0,08162	0,0000
1	388	0,47645	0,081449	0,0000
1	389	0,47841	0,081277	0,0000
1	390	0,48037	0,081103	0,0000
1	391	0,48233	0,080928	0,0000
1	392	0,48429	0,080752	0,0000
1	393	0,48626	0,080574	0,0000
1	394	0,48822	0,080395	0,0000
1	395	0,49018	0,080215	0,0000
1	396	0,49215	0,080033	0,0000
1	397	0,49411	0,07985	0,0000
1	398	0,49607	0,079665	0,0000
1	399	0,49804	0,079479	0,0000
1	400	0,5	0,079292	0,0000
1	401	0,50196	0,079104	0,0000
1	402	0,50393	0,078914	0,0000
1	403	0,50589	0,078723	0,0000
1	404	0,50785	0,078531	0,0000
1	405	0,50982	0,078338	0,0000
1	406	0,51178	0,078143	0,0000
1	407	0,51374	0,077947	0,0000
1	408	0,51571	0,07775	0,0000
1	409	0,51767	0,077552	0,0000
1	410	0,51963	0,077352	0,0000
1	411	0,52159	0,077152	0,0000
1	412	0,52355	0,07695	0,0000
1	413	0,52551	0,076747	0,0000
1	414	0,52748	0,076543	0,0000
1	415	0,52944	0,076337	0,0000
1	416	0,5314	0,076131	0,0000
1	417	0,53335	0,075923	0,0000
1	418	0,53531	0,075715	0,0000
1	419	0,53727	0,075505	0,0000
1	420	0,53923	0,075294	0,0000
1	421	0,54119	0,075082	0,0000
1	422	0,54314	0,074869	0,0000
1	423	0,5451	0,074655	0,0000
1	424	0,54705	0,07444	0,0000
1	425	0,54901	0,074224	0,0000
1	426	0,55096	0,074006	0,0000
1	427	0,55292	0,073788	0,0000
1	428	0,55487	0,073569	0,0000
1	429	0,55682	0,073349	0,0000
1	430	0,55877	0,073127	0,0000
1	431	0,56072	0,072905	0,0000
1	432	0,56267	0,072682	0,0000
1	433	0,56461	0,072458	0,0000
1	434	0,56656	0,072233	0,0000
1	435	0,56851	0,072007	0,0000
1	436	0,57045	0,07178	0,0000
1	437	0,57239	0,071552	0,0000
1	438	0,57434	0,071323	0,0000
1	439	0,57628	0,071094	0,0000
1	440	0,57822	0,070863	0,0000
1	441	0,58016	0,070632	0,0000
1	442	0,58209	0,0704	0,0000
1	443	0,58403	0,070166	0,0000
1	444	0,58596	0,069932	0,0000
1	445	0,5879	0,069698	0,0000
1	446	0,58983	0,069462	0,0000
1	447	0,59176	0,069226	0,0000
1	448	0,59369	0,068988	0,0000
1	449	0,59562	0,06875	0,0000
1	450	0,59755	0,068511	0,0000
1	451	0,59947	0,068272	0,0000
1	452	0,60139	0,068031	0,0000
1	453	0,60332	0,06779	0,0000
1	454	0,60524	0,067548	0,0000
1	455	0,60715	0,067306	0,0000
1	456	0,60907	0,067062	0,0000
1	457	0,61099	0,066818	0,0000
1	458	0,6129	0,066573	0,0000
1	459	0,61481	0,066328	0,0000
1	460	0,61672	0,066082	0,0000
1	461	0,61863	0,065835	0,0000
1	462	0,62054	0,065587	0,0000
1	463	0,62244	0,065339	0,0000
1	464	0,62434	0,065091	0,0000
1	465	0,62625	0,064841	0,0000
1	466	0,62814	0,064591	0,0000
1	467	0,63004	0,06434	0,0000
1	468	0,63194	0,064089	0,0000
1	469	0,63383	0,063837	0,0000
1	470	0,63572	0,063585	0,0000
1	471	0,63761	0,063331	0,0000
1	472	0,6395	0,063078	0,0000
1	473	0,64138	0,062824	0,0000
1	474	0,64326	0,062569	0,0000
1	475	0,64514	0,062314	0,0000
1	476	0,64702	0,062058	0,0000
1	477	0,6489	0,061801	0,0000
1	478	0,65077	0,061545	0,0000
1	479	0,65264	0,061287	0,0000
1	480	0,65451	0,061029	0,0000
1	481	0,65637	0,060771	0,0000
1	482	0,65824	0,060512	0,0000
1	483	0,6601	0,060253	0,0000
1	484	0,66196	0,059993	0,0000
1	485	0,66382	0,059733	0,0000
1	486	0,66567	0,059472	0,0000
1	487	0,66752	0,059211	0,0000
1	488	0,66937	0,05895	0,0000
1	489	0,67122	0,058688	0,0000
1	490	0,67306	0,058425	0,0000
1	491	0,6749	0,058163	0,0000
1	492	0,67674	0,0579	0,0000
1	493	0,67857	0,057636	0,0000
1	494	0,68041	0,057372	0,0000
1	495	0,68224	0,057108	0,0000
1	496	0,68406	0,056844	0,0000
1	497	0,68589	0,056579	0,0000
1	498	0,68771	0,056314	0,0000
1	499	0,68953	0,056048	0,0000
1	500	0,69134	0,055782	0,0000
1	501	0,69315	0,055516	0,0000
1	502	0,69496	0,05525	0,0000
1	503	0,69677	0,054983	0,0000
1	504	0,69857	0,054716	0,0000
1	505	0,70037	0,054449	0,0000
1	506	0,70217	0,054182	0,0000
1	507	0,70397	0,053914	0,0000
1	508	0,70576	0,053646	0,0000
1	509	0,70755	0,053378	0,0000
1	510	0,70933	0,05311	0,0000
1	511	0,71111	0,052841	0,0000
1	512	0,71289	0,052572	0,0000
1	513	0,71466	0,052303	0,0000
1	514	0,71644	0,052034	0,0000
1	515	0,7182	0,051765	0,0000
1	516	0,71997	0,051495	0,0000
1	517	0,72173	0,051225	0,0000
1	518	0,72349	0,050956	0,0000
1	519	0,72524	0,050686	0,0000
1	520	0,727	0,050416	0,0000
1	521	0,72874	0,050145	0,0000
1	522	0,73049	0,049875	0,0000
1	523	0,73223	0,049605	0,0000
1	524	0,73396	0,049334	0,0000
1	525	0,7357	0,049064	0,0000
1	526	0,73743	0,048793	0,0000
1	527	0,73915	0,048522	0,0000
1	528	0,74088	0,048251	0,0000
1	529	0,7426	0,047981	0,0000
1	530	0,74431	0,04771	0,0000
1	531	0,74602	0,047439	0,0000
1	532	0,74773	0,047168	0,0000
1	533	0,74943	0,046897	0,0000
1	534	0,75113	0,046626	0,0000
1	535	0,75283	0,046355	0,0000
1	536	0,75452	0,046084	0,0000
1	537	0,75621	0,045813	0,0000
1	538	0,75789	0,045542	0,0000
1	539	0,75957	0,045271	0,0000
1	540	0,76125	0,045001	0,0000
1	541	0,76292	0,04473	0,0000
1	542	0,76459	0,044459	0,0000
1	543	0,76625	0,044188	0,0000
1	544	0,76791	0,043918	0,0000
1	545	0,76957	0,043647	0,0000
1	546	0,77122	0,043377	0,0000
1	547	0,77287	0,043107	0,0000
1	548	0,77451	0,042837	0,0000
1	549	0,77615	0,042567	0,0000
1	550	0,77779	0,042297	0,0000
1	551	0,77942	0,042027	0,0000
1	552	0,78104	0,041757	0,0000
1	553	0,78266	0,041488	0,0000
1	554	0,78428	0,041219	0,0000
1	555	0,78589	0,04095	0,0000
1	556	0,7875	0,040681	0,0000
1	557	0,78911	0,040412	0,0000
1	558	0,79071	0,040143	0,0000
1	559	0,7923	0,039875	0,0000
1	560	0,79389	0,039607	0,0000
1	561	0,79548	0,039339	0,0000
1	562	0,79706	0,039071	0,0000
1	563	0,79864	0,038804	0,0000
1	564	0,80021	0,038537	0,0000
1	565	0,80178	0,03827	0,0000
1	566	0,80334	0,038003	0,0000
1	567	0,8049	0,037737	0,0000
1	568	0,80645	0,037471	0,0000
1	569	0,808	0,037205	0,0000
1	570	0,80955	0,03694	0,0000
1	571	0,81109	0,036675	0,0000
1	572	0,81262	0,03641	0,0000
1	573	0,81415	0,036145	0,0000
1	574	0,81568	0,035881	0,0000
1	575	0,8172	0,035617	0,0000
1	576	0,81871	0,035354	0,0000
1	577	0,82022	0,035091	0,0000
1	578	0,82173	0,034828	0,0000
1	579	0,82323	0,034565	0,0000
1	580	0,82472	0,034303	0,0000
1	581	0,82621	0,034042	0,0000
1	582	0,8277	0,033781	0,0000
1	583	0,82918	0,03352	0,0000
1	584	0,83066	0,03326	0,0000
1	585	0,83213	0,033	0,0000
1	586	0,83359	0,03274	0,0000
1	587	0,83505	0,032481	0,0000
1	588	0,83651	0,032222	0,0000
1	589	0,83796	0,031964	0,0000
1	590	0,8394	0,031707	0,0000
1	591	0,84084	0,03145	0,0000
1	592	0,84227	0,031193	0,0000
1	593	0,8437	0,030937	0,0000
1	594	0,84513	0,030681	0,0000
1	595	0,84654	0,030426	0,0000
1	596	0,84796	0,030171	0,0000
1	597	0,84936	0,029917	0,0000
1	598	0,85077	0,029663	0,0000
1	599	0,85216	0,02941	0,0000
1	600	0,85355	0,029158	0,0000
1	601	0,85494	0,028906	0,0000
1	602	0,85632	0,028654	0,0000
1	603	0,85769	0,028404	0,0000
1	604	0,85906	0,028153	0,0000
1	605	0,86043	0,027904	0,0000
1	606	0,86178	0,027655	0,0000
1	607	0,86314	0,027406	0,0000
1	608	0,86448	0,027159	0,0000
1	609	0,86583	0,026911	0,0000
1	610	0,86716	0,026665	0,0000
1	611	0,86849	0,026419	0,0000
1	612	0,86982	0,026174	0,0000
1	613	0,87113	0,025929	0,0000
1	614	0,87245	0,025685	0,0000
1	615	0,87375	0,025442	0,0000
1	616	0,87506	0,0252	0,0000
1	617	0,87635	0,024958	0,0000
1	618	0,87764	0,024717	0,0000
1	619	0,87892	0,024476	0,0000
1	620	0,8802	0,024237	0,0000
1	621	0,88148	0,023998	0,0000
1	622	0,88274	0,023759	0,0000
1	623	0,884	0,023522	0,0000
1	624	0,88526	0,023285	0,0000
1	625	0,88651	0,023049	0,0000
1	626	0,88775	0,022814	0,0000
1	627	0,88898	0,02258	0,0000
1	628	0,89022	0,022346	0,0000
1	629	0,89144	0,022113	0,0000
1	630	0,89266	0,021881	0,0000
1	631	0,89387	0,02165	0,0000
1	632	0,89508	0,021419	0,0000
1	633	0,89628	0,02119	0,0000
1	634	0,89747	0,020961	0,0000
1	635	0,89866	0,020733	0,0000
1	636	0,89984	0,020506	0,0000
1	637	0,90102	0,02028	0,0000
1	638	0,90219	0,020054	0,0000
1	639	0,90335	0,01983	0,0000
1	640	0,90451	0,019606	0,0000
1	641	0,90566	0,019384	0,0000
1	642	0,9068	0,019162	0,0000
1	643	0,90794	0,018941	0,0000
1	644	0,90907	0,018721	0,0000
1	645	0,9102	0,018502	0,0000
1	646	0,91132	0,018284	0,0000
1	647	0,91243	0,018067	0,0000
1	648	0,91354	0,01785	0,0000
1	649	0,91464	0,017635	0,0000
1	650	0,91573	0,017421	0,0000
1	651	0,91682	0,017207	0,0000
1	652	0,9179	0,016995	0,0000
1	653	0,91898	0,016784	0,0000
1	654	0,92005	0,016573	0,0000
1	655	0,92111	0,016364	0,0000
1	656	0,92216	0,016155	0,0000
1	657	0,92321	0,015948	0,0000
1	658	0,92426	0,015742	0,0000
1	659	0,92529	0,015536	0,0000
1	660	0,92632	0,015332	0,0000
1	661	0,92734	0,015129	0,0000
1	662	0,92836	0,014927	0,0000
1	663	0,92937	0,014726	0,0000
1	664	0,93037	0,014525	0,0000
1	665	0,93137	0,014326	0,0000
1	666	0,93236	0,014129	0,0000
1	667	0,93334	0,013932	0,0000
1	668	0,93432	0,013736	0,0000
1	669	0,93529	0,013541	0,0000
1	670	0,93625	0,013348	0,0000
1	671	0,9372	0,013156	0,0000
1	672	0,93815	0,012964	0,0000
1	673	0,9391	0,012774	0,0000
1	674	0,94003	0,012585	0,0000
1	675	0,94096	0,012398	0,0000
1	676	0,94188	0,012211	0,0000
1	677	0,9428	0,012026	0,0000
1	678	0,94371	0,011841	0,0000
1	679	0,94461	0,011658	0,0000
1	680	0,9455	0,011476	0,0000
1	681	0,94639	0,011296	0,0000
1	682	0,94727	0,011116	0,0000
1	683	0,94815	0,010938	0,0000
1	684	0,94901	0,010761	0,0000
1	685	0,94987	0,010585	0,0000
1	686	0,95073	0,01041	0,0000
1	687	0,95157	0,010237	0,0000
1	688	0,95241	0,010065	0,0000
1	689	0,95325	0,0098936	0,0000
1	690	0,95407	0,009724	0,0000
1	691	0,95489	0,0095556	0,0000
1	692	0,9557	0,0093885	0,0000
1	693	0,95651	0,0092226	0,0000
1	694	0,9573	0,0090581	0,0000
1	695	0,95809	0,0088948	0,0000
1	696	0,95888	0,0087329	0,0000
1	697	0,95965	0,0085722	0,0000
1	698	0,96042	0,0084129	0,0000
1	699	0,96118	0,0082549	0,0000
1	700	0,96194	0,0080982	0,0000
1	701	0,96269	0,0079428	0,0000
1	702	0,96343	0,0077888	0,0000
1	703	0,96416	0,0076361	0,0000
1	704	0,96489	0,0074848	0,0000
1	705	0,96561	0,0073348	0,0000
1	706	0,96632	0,0071862	0,0000
1	707	0,96702	0,0070389	0,0000
1	708	0,96772	0,0068931	0,0000
1	709	0,96841	0,0067486	0,0000
1	710	0,9691	0,0066055	0,0000
1	711	0,96977	0,0064638	0,0000
1	712	0,97044	0,0063235	0,0000
1	713	0,9711	0,0061846	0,0000
1	714	0,97176	0,0060471	0,0000
1	715	0,9724	0,005911	0,0000
1	716	0,97304	0,0057763	0,0000
1	717	0,97368	0,0056431	0,0000
1	718	0,9743	0,0055113	0,0000
1	719	0,97492	0,005381	0,0000
1	720	0,97553	0,005252	0,0000
1	721	0,97613	0,0051246	0,0000
1	722	0,97673	0,0049986	0,0000
1	723	0,97732	0,004874	0,0000
1	724	0,9779	0,004751	0,0000
1	725	0,97847	0,0046294	0,0000
1	726	0,97904	0,0045092	0,0000
1	727	0,9796	0,0043906	0,0000
1	728	0,98015	0,0042734	0,0000
1	729	0,98069	0,0041577	0,0000
1	730	0,98123	0,0040436	0,0000
1	731	0,98176	0,0039309	0,0000
1	732	0,98228	0,0038197	0,0000
1	733	0,98279	0,0037101	0,0000
1	734	0,9833	0,003602	0,0000
1	735	0,9838	0,0034953	0,0000
1	736	0,98429	0,0033903	0,0000
1	737	0,98478	0,0032867	0,0000
1	738	0,98525	0,0031847	0,0000
1	739	0,98572	0,0030842	0,0000
1	740	0,98618	0,0029852	0,0000
1	741	0,98664	0,0028879	0,0000
1	742	0,98709	0,002792	0,0000
1	743	0,98753	0,0026977	0,0000
1	744	0,98796	0,002605	0,0000
1	745	0,98838	0,0025138	0,0000
1	746	0,9888	0,0024243	0,0000
1	747	0,98921	0,0023362	0,0000
1	748	0,98961	0,0022498	0,0000
1	749	0,99001	0,0021649	0,0000
1	750	0,99039	0,0020817	0,0000
1	751	0,99077	0,002	0,0000
1	752	0,99114	0,0019199	0,0000
1	753	0,99151	0,0018414	0,0000
1	754	0,99186	0,0017645	0,0000
1	755	0,99221	0,0016892	0,0000
1	756	0,99255	0,0016155	0,0000
1	757	0,99289	0,0015434	0,0000
1	758	0,99321	0,0014729	0,0000
1	759	0,99353	0,001404	0,0000
1	760	0,99384	0,0013368	0,0000
1	761	0,99415	0,0012712	0,0000
1	762	0,99444	0,0012072	0,0000
1	763	0,99473	0,0011448	0,0000
1	764	0,99501	0,001084	0,0000
1	765	0,99528	0,0010249	0,0000
1	766	0,99555	0,00096744	0,0000
1	767	0,99581	0,0009116	0,0000
1	768	0,99606	0,0008574	0,0000
1	769	0,9963	0,00080484	0,0000
1	770	0,99653	0,00075393	0,0000
1	771	0,99676	0,00070466	0,0000
1	772	0,99698	0,00065704	0,0000
1	773	0,99719	0,00061108	0,0000
1	774	0,9974	0,00056676	0,0000
1	775	0,99759	0,00052411	0,0000
1	776	0,99778	0,0004831	0,0000
1	777	0,99796	0,00044376	0,0000
1	778	0,99814	0,00040608	0,0000
1	779	0,9983	0,00037007	0,0000
1	780	0,99846	0,00033571	0,0000
1	781	0,99861	0,00030303	0,0000
1	782	0,99875	0,00027201	0,0000
1	783	0,99889	0,00024265	0,0000
1	784	0,99901	0,00021497	0,0000
1	785	0,99913	0,00018896	0,0000
1	786	0,99924	0,00016463	0,0000
1	787	0,99935	0,00014196	0,0000
1	788	0,99944	0,00012097	0,0000
1	789	0,99953	0,00010166	0,0000
1	790	0,99961	8,40E-05	0,0000
1	791	0,99969	6,81E-05	0,0000
1	792	0,99975	5,38E-05	0,0000
1	793	0,99981	4,12E-05	0,0000
1	794	0,99986	3,03E-05	0,0000
1	795	0,9999	2,10E-05	0,0000
1	796	0,99994	1,34E-05	0,0000
1	797	0,99997	7,56E-06	0,0000
1	798	0,99998	3,36E-06	0,0000
1	799	1	0,00E+00	0,0000
1	800	0,99998	-3,36E-06	0,0000
1	801	0,99997	-7,56E-06	0,0000
1	802	0,99994	-1,34E-05	0,0000
1	803	0,9999	-2,10E-05	0,0000
1	804	0,99986	-3,03E-05	0,0000
1	805	0,99981	-4,12E-05	0,0000
1	806	0,99975	-5,38E-05	0,0000
1	807	0,99969	-6,81E-05	0,0000
1	808	0,99961	-8,40E-05	0,0000
1	809	0,99953	-0,00010166	0,0000
1	810	0,99944	-0,00012097	0,0000
1	811	0,99935	-0,00014196	0,0000
1	812	0,99924	-0,00016463	0,0000
1	813	0,99913	-0,00018896	0,0000
1	814	0,99901	-0,00021497	0,0000
1	815	0,99889	-0,00024265	0,0000
1	816	0,99875	-0,00027201	0,0000
1	817	0,99861	-0,00030303	0,0000
1	818	0,99846	-0,00033571	0,0000
1	819	0,9983	-0,00037007	0,0000
1	820	0,99814	-0,00040608	0,0000
1	821	0,99796	-0,00044376	0,0000
1	822	0,99778	-0,0004831	0,0000
1	823	0,99759	-0,00052411	0,0000
1	824	0,9974	-0,00056676	0,0000
1	825	0,99719	-0,00061108	0,0000
1	826	0,99698	-0,00065704	0,0000
1	827	0,99676	-0,00070466	0,0000
1	828	0,99653	-0,00075393	0,0000
1	829	0,9963	-0,00080484	0,0000
1	830	0,99606	-0,0008574	0,0000
1	831	0,99581	-0,0009116	0,0000
1	832	0,99555	-0,00096744	0,0000
1	833	0,99528	-0,0010249	0,0000
1	834	0,99501	-0,001084	0,0000
1	835	0,99473	-0,0011448	0,0000
1	836	0,99444	-0,0012072	0,0000
1	837	0,99415	-0,0012712	0,0000
1	838	0,99384	-0,0013368	0,0000
1	839	0,99353	-0,001404	0,0000
1	840	0,99321	-0,0014729	0,0000
1	841	0,99289	-0,0015434	0,0000
1	842	0,99255	-0,0016155	0,0000
1	843	0,99221	-0,0016892	0,0000
1	844	0,99186	-0,0017645	0,0000
1	845	0,99151	-0,0018414	0,0000
1	846	0,99114	-0,0019199	0,0000
1	847	0,99077	-0,002	0,0000
1	848	0,99039	-0,0020817	0,0000
1	849	0,99001	-0,0021649	0,0000
1	850	0,98961	-0,0022498	0,0000
1	851	0,98921	-0,0023362	0,0000
1	852	0,9888	-0,0024243	0,0000
1	853	0,98838	-0,0025138	0,0000
1	854	0,98796	-0,002605	0,0000
1	855	0,98753	-0,0026977	0,0000
1	856	0,98709	-0,002792	0,0000
1	857	0,98664	-0,0028879	0,0000
1	858	0,98618	-0,0029852	0,0000
1	859	0,98572	-0,0030842	0,0000
1	860	0,98525	-0,0031847	0,0000
1	861	0,98478	-0,0032867	0,0000
1	862	0,98429	-0,0033903	0,0000
1	863	0,9838	-0,0034953	0,0000
1	864	0,9833	-0,003602	0,0000
1	865	0,98279	-0,0037101	0,0000
1	866	0,98228	-0,0038197	0,0000
1	867	0,98176	-0,0039309	0,0000
1	868	0,98123	-0,0040436	0,0000
1	869	0,98069	-0,0041577	0,0000
1	870	0,98015	-0,0042734	0,0000
1	871	0,9796	-0,0043906	0,0000
1	872	0,97904	-0,0045092	0,0000
1	873	0,97847	-0,0046294	0,0000
1	874	0,9779	-0,004751	0,0000
1	875	0,97732	-0,004874	0,0000
1	876	0,97673	-0,0049986	0,0000
1	877	0,97613	-0,0051246	0,0000
1	878	0,97553	-0,005252	0,0000
1	879	0,97492	-0,005381	0,0000
1	880	0,9743	-0,0055113	0,0000
1	881	0,97368	-0,0056431	0,0000
1	882	0,97304	-0,0057763	0,0000
1	883	0,9724	-0,005911	0,0000
1	884	0,97176	-0,0060471	0,0000
1	885	0,9711	-0,0061846	0,0000
1	886	0,97044	-0,0063235	0,0000
1	887	0,96977	-0,0064638	0,0000
1	888	0,9691	-0,0066055	0,0000
1	889	0,96841	-0,0067486	0,0000
1	890	0,96772	-0,0068931	0,0000
1	891	0,96702	-0,0070389	0,0000
1	892	0,96632	-0,0071862	0,0000
1	893	0,96561	-0,0073348	0,0000
1	894	0,96489	-0,0074848	0,0000
1	895	0,96416	-0,0076361	0,0000
1	896	0,96343	-0,0077888	0,0000
1	897	0,96269	-0,0079428	0,0000
1	898	0,96194	-0,0080982	0,0000
1	899	0,96118	-0,0082549	0,0000
1	900	0,96042	-0,0084129	0,0000
1	901	0,95965	-0,0085722	0,0000
1	902	0,95888	-0,0087329	0,0000
1	903	0,95809	-0,0088948	0,0000
1	904	0,9573	-0,0090581	0,0000
1	905	0,95651	-0,0092226	0,0000
1	906	0,9557	-0,0093885	0,0000
1	907	0,95489	-0,0095556	0,0000
1	908	0,95407	-0,009724	0,0000
1	909	0,95325	-0,0098936	0,0000
1	910	0,95241	-0,010065	0,0000
1	911	0,95157	-0,010237	0,0000
1	912	0,95073	-0,01041	0,0000
1	913	0,94987	-0,010585	0,0000
1	914	0,94901	-0,010761	0,0000
1	915	0,94815	-0,010938	0,0000
1	916	0,94727	-0,011116	0,0000
1	917	0,94639	-0,011296	0,0000
1	918	0,9455	-0,011476	0,0000
1	919	0,94461	-0,011658	0,0000
1	920	0,94371	-0,011841	0,0000
1	921	0,9428	-0,012026	0,0000
1	922	0,94188	-0,012211	0,0000
1	923	0,94096	-0,012398	0,0000
1	924	0,94003	-0,012585	0,0000
1	925	0,9391	-0,012774	0,0000
1	926	0,93815	-0,012964	0,0000
1	927	0,9372	-0,013156	0,0000
1	928	0,93625	-0,013348	0,0000
1	929	0,93529	-0,013541	0,0000
1	930	0,93432	-0,013736	0,0000
1	931	0,93334	-0,013932	0,0000
1	932	0,93236	-0,014129	0,0000
1	933	0,93137	-0,014326	0,0000
1	934	0,93037	-0,014525	0,0000
1	935	0,92937	-0,014726	0,0000
1	936	0,92836	-0,014927	0,0000
1	937	0,92734	-0,015129	0,0000
1	938	0,92632	-0,015332	0,0000
1	939	0,92529	-0,015536	0,0000
1	940	0,92426	-0,015742	0,0000
1	941	0,92321	-0,015948	0,0000
1	942	0,92216	-0,016155	0,0000
1	943	0,92111	-0,016364	0,0000
1	944	0,92005	-0,016573	0,0000
1	945	0,91898	-0,016784	0,0000
1	946	0,9179	-0,016995	0,0000
1	947	0,91682	-0,017207	0,0000
1	948	0,91573	-0,017421	0,0000
1	949	0,91464	-0,017635	0,0000
1	950	0,91354	-0,01785	0,0000
1	951	0,91243	-0,018067	0,0000
1	952	0,91132	-0,018284	0,0000
1	953	0,9102	-0,018502	0,0000
1	954	0,90907	-0,018721	0,0000
1	955	0,90794	-0,018941	0,0000
1	956	0,9068	-0,019162	0,0000
1	957	0,90566	-0,019384	0,0000
1	958	0,90451	-0,019606	0,0000
1	959	0,90335	-0,01983	0,0000
1	960	0,90219	-0,020054	0,0000
1	961	0,90102	-0,02028	0,0000
1	962	0,89984	-0,020506	0,0000
1	963	0,89866	-0,020733	0,0000
1	964	0,89747	-0,020961	0,0000
1	965	0,89628	-0,02119	0,0000
1	966	0,89508	-0,021419	0,0000
1	967	0,89387	-0,02165	0,0000
1	968	0,89266	-0,021881	0,0000
1	969	0,89144	-0,022113	0,0000
1	970	0,89022	-0,022346	0,0000
1	971	0,88898	-0,02258	0,0000
1	972	0,88775	-0,022814	0,0000
1	973	0,88651	-0,023049	0,0000
1	974	0,88526	-0,023285	0,0000
1	975	0,884	-0,023522	0,0000
1	976	0,88274	-0,023759	0,0000
1	977	0,88148	-0,023998	0,0000
1	978	0,8802	-0,024237	0,0000
1	979	0,87892	-0,024476	0,0000
1	980	0,87764	-0,024717	0,0000
1	981	0,87635	-0,024958	0,0000
1	982	0,87506	-0,0252	0,0000
1	983	0,87375	-0,025442	0,0000
1	984	0,87245	-0,025685	0,0000
1	985	0,87113	-0,025929	0,0000
1	986	0,86982	-0,026174	0,0000
1	987	0,86849	-0,026419	0,0000
1	988	0,86716	-0,026665	0,0000
1	989	0,86583	-0,026911	0,0000
1	990	0,86448	-0,027159	0,0000
1	991	0,86314	-0,027406	0,0000
1	992	0,86178	-0,027655	0,0000
1	993	0,86043	-0,027904	0,0000
1	994	0,85906	-0,028153	0,0000
1	995	0,85769	-0,028404	0,0000
1	996	0,85632	-0,028654	0,0000
1	997	0,85494	-0,028906	0,0000
1	998	0,85355	-0,029158	0,0000
1	999	0,85216	-0,02941	0,0000
1	1000	0,85077	-0,029663	0,0000
1	1001	0,84936	-0,029917	0,0000
1	1002	0,84796	-0,030171	0,0000
1	1003	0,84654	-0,030426	0,0000
1	1004	0,84513	-0,030681	0,0000
1	1005	0,8437	-0,030937	0,0000
1	1006	0,84227	-0,031193	0,0000
1	1007	0,84084	-0,03145	0,0000
1	1008	0,8394	-0,031707	0,0000
1	1009	0,83796	-0,031964	0,0000
1	1010	0,83651	-0,032222	0,0000
1	1011	0,83505	-0,032481	0,0000
1	1012	0,83359	-0,03274	0,0000
1	1013	0,83213	-0,033	0,0000
1	1014	0,83066	-0,03326	0,0000
1	1015	0,82918	-0,03352	0,0000
1	1016	0,8277	-0,033781	0,0000
1	1017	0,82621	-0,034042	0,0000
1	1018	0,82472	-0,034303	0,0000
1	1019	0,82323	-0,034565	0,0000
1	1020	0,82173	-0,034828	0,0000
1	1021	0,82022	-0,035091	0,0000
1	1022	0,81871	-0,035354	0,0000
1	1023	0,8172	-0,035617	0,0000
1	1024	0,81568	-0,035881	0,0000
1	1025	0,81415	-0,036145	0,0000
1	1026	0,81262	-0,03641	0,0000
1	1027	0,81109	-0,036675	0,0000
1	1028	0,80955	-0,03694	0,0000
1	1029	0,808	-0,037205	0,0000
1	1030	0,80645	-0,037471	0,0000
1	1031	0,8049	-0,037737	0,0000
1	1032	0,80334	-0,038003	0,0000
1	1033	0,80178	-0,03827	0,0000
1	1034	0,80021	-0,038537	0,0000
1	1035	0,79864	-0,038804	0,0000
1	1036	0,79706	-0,039071	0,0000
1	1037	0,79548	-0,039339	0,0000
1	1038	0,79389	-0,039607	0,0000
1	1039	0,7923	-0,039875	0,0000
1	1040	0,79071	-0,040143	0,0000
1	1041	0,78911	-0,040412	0,0000
1	1042	0,7875	-0,040681	0,0000
1	1043	0,78589	-0,04095	0,0000
1	1044	0,78428	-0,041219	0,0000
1	1045	0,78266	-0,041488	0,0000
1	1046	0,78104	-0,041757	0,0000
1	1047	0,77942	-0,042027	0,0000
1	1048	0,77779	-0,042297	0,0000
1	1049	0,77615	-0,042567	0,0000
1	1050	0,77451	-0,042837	0,0000
1	1051	0,77287	-0,043107	0,0000
1	1052	0,77122	-0,043377	0,0000
1	1053	0,76957	-0,043647	0,0000
1	1054	0,76791	-0,043918	0,0000
1	1055	0,76625	-0,044188	0,0000
1	1056	0,76459	-0,044459	0,0000
1	1057	0,76292	-0,04473	0,0000
1	1058	0,76125	-0,045001	0,0000
1	1059	0,75957	-0,045271	0,0000
1	1060	0,75789	-0,045542	0,0000
1	1061	0,75621	-0,045813	0,0000
1	1062	0,75452	-0,046084	0,0000
1	1063	0,75283	-0,046355	0,0000
1	1064	0,75113	-0,046626	0,0000
1	1065	0,74943	-0,046897	0,0000
1	1066	0,74773	-0,047168	0,0000
1	1067	0,74602	-0,047439	0,0000
1	1068	0,74431	-0,04771	0,0000
1	1069	0,7426	-0,047981	0,0000
1	1070	0,74088	-0,048251	0,0000
1	1071	0,73915	-0,048522	0,0000
1	1072	0,73743	-0,048793	0,0000
1	1073	0,7357	-0,049064	0,0000
1	1074	0,73396	-0,049334	0,0000
1	1075	0,73223	-0,049605	0,0000
1	1076	0,73049	-0,049875	0,0000
1	1077	0,72874	-0,050145	0,0000
1	1078	0,727	-0,050416	0,0000
1	1079	0,72524	-0,050686	0,0000
1	1080	0,72349	-0,050956	0,0000
1	1081	0,72173	-0,051225	0,0000
1	1082	0,71997	-0,051495	0,0000
1	1083	0,7182	-0,051765	0,0000
1	1084	0,71644	-0,052034	0,0000
1	1085	0,71466	-0,052303	0,0000
1	1086	0,71289	-0,052572	0,0000
1	1087	0,71111	-0,052841	0,0000
1	1088	0,70933	-0,05311	0,0000
1	1089	0,70755	-0,053378	0,0000
1	1090	0,70576	-0,053646	0,0000
1	1091	0,70397	-0,053914	0,0000
1	1092	0,70217	-0,054182	0,0000
1	1093	0,70037	-0,054449	0,0000
1	1094	0,69857	-0,054716	0,0000
1	1095	0,69677	-0,054983	0,0000
1	1096	0,69496	-0,05525	0,0000
1	1097	0,69315	-0,055516	0,0000
1	1098	0,69134	-0,055782	0,0000
1	1099	0,68953	-0,056048	0,0000
1	1100	0,68771	-0,056314	0,0000
1	1101	0,68589	-0,056579	0,0000
1	1102	0,68406	-0,056844	0,0000
1	1103	0,68224	-0,057108	0,0000
1	1104	0,68041	-0,057372	0,0000
1	1105	0,67857	-0,057636	0,0000
1	1106	0,67674	-0,0579	0,0000
1	1107	0,6749	-0,058163	0,0000
1	1108	0,67306	-0,058425	0,0000
1	1109	0,67122	-0,058688	0,0000
1	1110	0,66937	-0,05895	0,0000
1	1111	0,66752	-0,059211	0,0000
1	1112	0,66567	-0,059472	0,0000
1	1113	0,66382	-0,059733	0,0000
1	1114	0,66196	-0,059993	0,0000
1	1115	0,6601	-0,060253	0,0000
1	1116	0,65824	-0,060512	0,0000
1	1117	0,65637	-0,060771	0,0000
1	1118	0,65451	-0,061029	0,0000
1	1119	0,65264	-0,061287	0,0000
1	1120	0,65077	-0,061545	0,0000
1	1121	0,6489	-0,061801	0,0000
1	1122	0,64702	-0,062058	0,0000
1	1123	0,64514	-0,062314	0,0000
1	1124	0,64326	-0,062569	0,0000
1	1125	0,64138	-0,062824	0,0000
1	1126	0,6395	-0,063078	0,0000
1	1127	0,63761	-0,063331	0,0000
1	1128	0,63572	-0,063585	0,0000
1	1129	0,63383	-0,063837	0,0000
1	1130	0,63194	-0,064089	0,0000
1	1131	0,63004	-0,06434	0,0000
1	1132	0,62814	-0,064591	0,0000
1	1133	0,62625	-0,064841	0,0000
1	1134	0,62434	-0,065091	0,0000
1	1135	0,62244	-0,065339	0,0000
1	1136	0,62054	-0,065587	0,0000
1	1137	0,61863	-0,065835	0,0000
1	1138	0,61672	-0,066082	0,0000
1	1139	0,61481	-0,066328	0,0000
1	1140	0,6129	-0,066573	0,0000
1	1141	0,61099	-0,066818	0,0000
1	1142	0,60907	-0,067062	0,0000
1	1143	0,60715	-0,067306	0,0000
1	1144	0,60524	-0,067548	0,0000
1	1145	0,60332	-0,06779	0,0000
1	1146	0,60139	-0,068031	0,0000
1	1147	0,59947	-0,068272	0,0000
1	1148	0,59755	-0,068511	0,0000
1	1149	0,59562	-0,06875	0,0000
1	1150	0,59369	-0,068988	0,0000
1	1151	0,59176	-0,069226	0,0000
1	1152	0,58983	-0,069462	0,0000
1	1153	0,5879	-0,069698	0,0000
1	1154	0,58596	-0,069932	0,0000
1	1155	0,58403	-0,070166	0,0000
1	1156	0,58209	-0,0704	0,0000
1	1157	0,58016	-0,070632	0,0000
1	1158	0,57822	-0,070863	0,0000
1	1159	0,57628	-0,071094	0,0000
1	1160	0,57434	-0,071323	0,0000
1	1161	0,57239	-0,071552	0,0000
1	1162	0,57045	-0,07178	0,0000
1	1163	0,56851	-0,072007	0,0000
1	1164	0,56656	-0,072233	0,0000
1	1165	0,56461	-0,072458	0,0000
1	1166	0,56267	-0,072682	0,0000
1	1167	0,56072	-0,072905	0,0000
1	1168	0,55877	-0,073127	0,0000
1	1169	0,55682	-0,073349	0,0000
1	1170	0,55487	-0,073569	0,0000
1	1171	0,55292	-0,073788	0,0000
1	1172	0,55096	-0,074006	0,0000
1	1173	0,54901	-0,074224	0,0000
1	1174	0,54705	-0,07444	0,0000
1	1175	0,5451	-0,074655	0,0000
1	1176	0,54314	-0,074869	0,0000
1	1177	0,54119	-0,075082	0,0000
1	1178	0,53923	-0,075294	0,0000
1	1179	0,53727	-0,075505	0,0000
1	1180	0,53531	-0,075715	0,0000
1	1181	0,53335	-0,075923	0,0000
1	1182	0,5314	-0,076131	0,0000
1	1183	0,52944	-0,076337	0,0000
1	1184	0,52748	-0,076543	0,0000
1	1185	0,52551	-0,076747	0,0000
1	1186	0,52355	-0,07695	0,0000
1	1187	0,52159	-0,077152	0,0000
1	1188	0,51963	-0,077352	0,0000
1	1189	0,51767	-0,077552	0,0000
1	1190	0,51571	-0,07775	0,0000
1	1191	0,51374	-0,077947	0,0000
1	1192	0,51178	-0,078143	0,0000
1	1193	0,50982	-0,078338	0,0000
1	1194	0,50785	-0,078531	0,0000
1	1195	0,50589	-0,078723	0,0000
1	1196	0,50393	-0,078914	0,0000
1	1197	0,50196	-0,079104	0,0000
1	1198	0,5	-0,079292	0,0000
1	1199	0,49804	-0,079479	0,0000
1	1200	0,49607	-0,079665	0,0000
1	1201	0,49411	-0,07985	0,0000
1	1202	0,49215	-0,080033	0,0000
1	1203	0,49018	-0,080215	0,0000
1	1204	0,48822	-0,080395	0,0000
1	1205	0,48626	-0,080574	0,0000
1	1206	0,48429	-0,080752	0,0000
1	1207	0,48233	-0,080928	0,0000
1	1208	0,48037	-0,081103	0,0000
1	1209	0,47841	-0,081277	0,0000
1	1210	0,47645	-0,081449	0,0000
1	1211	0,47449	-0,08162	0,0000
1	1212	0,47252	-0,08179	0,0000
1	1213	0,47056	-0,081958	0,0000
1	1214	0,4686	-0,082124	0,0000
1	1215	0,46665	-0,082289	0,0000
1	1216	0,46469	-0,082453	0,0000
1	1217	0,46273	-0,082615	0,0000
1	1218	0,46077	-0,082776	0,0000
1	1219	0,45881	-0,082935	0,0000
1	1220	0,45686	-0,083093	0,0000
1	1221	0,4549	-0,083249	0,0000
1	1222	0,45295	-0,083403	0,0000
1	1223	0,45099	-0,083556	0,0000
1	1224	0,44904	-0,083708	0,0000
1	1225	0,44708	-0,083858	0,0000
1	1226	0,44513	-0,084006	0,0000
1	1227	0,44318	-0,084153	0,0000
1	1228	0,44123	-0,084299	0,0000
1	1229	0,43928	-0,084442	0,0000
1	1230	0,43733	-0,084584	0,0000
1	1231	0,43539	-0,084725	0,0000
1	1232	0,43344	-0,084864	0,0000
1	1233	0,43149	-0,085001	0,0000
1	1234	0,42955	-0,085137	0,0000
1	1235	0,42761	-0,085271	0,0000
1	1236	0,42566	-0,085403	0,0000
1	1237	0,42372	-0,085533	0,0000
1	1238	0,42178	-0,085662	0,0000
1	1239	0,41984	-0,08579	0,0000
1	1240	0,41791	-0,085915	0,0000
1	1241	0,41597	-0,086039	0,0000
1	1242	0,41404	-0,086161	0,0000
1	1243	0,4121	-0,086281	0,0000
1	1244	0,41017	-0,0864	0,0000
1	1245	0,40824	-0,086517	0,0000
1	1246	0,40631	-0,086632	0,0000
1	1247	0,40438	-0,086745	0,0000
1	1248	0,40245	-0,086857	0,0000
1	1249	0,40053	-0,086967	0,0000
1	1250	0,39861	-0,087075	0,0000
1	1251	0,39668	-0,087181	0,0000
1	1252	0,39476	-0,087285	0,0000
1	1253	0,39285	-0,087388	0,0000
1	1254	0,39093	-0,087489	0,0000
1	1255	0,38901	-0,087588	0,0000
1	1256	0,3871	-0,087685	0,0000
1	1257	0,38519	-0,08778	0,0000
1	1258	0,38328	-0,087873	0,0000
1	1259	0,38137	-0,087965	0,0000
1	1260	0,37946	-0,088054	0,0000
1	1261	0,37756	-0,088142	0,0000
1	1262	0,37566	-0,088228	0,0000
1	1263	0,37375	-0,088312	0,0000
1	1264	0,37186	-0,088394	0,0000
1	1265	0,36996	-0,088474	0,0000
1	1266	0,36806	-0,088552	0,0000
1	1267	0,36617	-0,088628	0,0000
1	1268	0,36428	-0,088702	0,0000
1	1269	0,36239	-0,088774	0,0000
1	1270	0,3605	-0,088845	0,0000
1	1271	0,35862	-0,088913	0,0000
1	1272	0,35674	-0,088979	0,0000
1	1273	0,35486	-0,089044	0,0000
1	1274	0,35298	-0,089106	0,0000
1	1275	0,3511	-0,089166	0,0000
1	1276	0,34923	-0,089225	0,0000
1	1277	0,34736	-0,089281	0,0000
1	1278	0,34549	-0,089335	0,0000
1	1279	0,34363	-0,089387	0,0000
1	1280	0,34176	-0,089438	0,0000
1	1281	0,3399	-0,089486	0,0000
1	1282	0,33804	-0,089532	0,0000
1	1283	0,33618	-0,089576	0,0000
1	1284	0,33433	-0,089618	0,0000
1	1285	0,33248	-0,089657	0,0000
1	1286	0,33063	-0,089695	0,0000
1	1287	0,32878	-0,089731	0,0000
1	1288	0,32694	-0,089764	0,0000
1	1289	0,3251	-0,089796	0,0000
1	1290	0,32326	-0,089825	0,0000
1	1291	0,32143	-0,089852	0,0000
1	1292	0,31959	-0,089877	0,0000
1	1293	0,31776	-0,0899	0,0000
1	1294	0,31594	-0,089921	0,0000
1	1295	0,31411	-0,08994	0,0000
1	1296	0,31229	-0,089956	0,0000
1	1297	0,31047	-0,089971	0,0000
1	1298	0,30866	-0,089983	0,0000
1	1299	0,30685	-0,089993	0,0000
1	1300	0,30504	-0,09	0,0000
1	1301	0,30323	-0,090006	0,0000
1	1302	0,30143	-0,090009	0,0000
1	1303	0,29963	-0,090011	0,0000
1	1304	0,29783	-0,09001	0,0000
1	1305	0,29603	-0,090006	0,0000
1	1306	0,29424	-0,090001	0,0000
1	1307	0,29245	-0,089993	0,0000
1	1308	0,29067	-0,089984	0,0000
1	1309	0,28889	-0,089972	0,0000
1	1310	0,28711	-0,089957	0,0000
1	1311	0,28534	-0,089941	0,0000
1	1312	0,28356	-0,089922	0,0000
1	1313	0,2818	-0,089901	0,0000
1	1314	0,28003	-0,089878	0,0000
1	1315	0,27827	-0,089852	0,0000
1	1316	0,27651	-0,089824	0,0000
1	1317	0,27476	-0,089794	0,0000
1	1318	0,273	-0,089762	0,0000
1	1319	0,27126	-0,089727	0,0000
1	1320	0,26951	-0,08969	0,0000
1	1321	0,26777	-0,089651	0,0000
1	1322	0,26604	-0,089609	0,0000
1	1323	0,2643	-0,089566	0,0000
1	1324	0,26257	-0,08952	0,0000
1	1325	0,26085	-0,089471	0,0000
1	1326	0,25912	-0,089421	0,0000
1	1327	0,2574	-0,089368	0,0000
1	1328	0,25569	-0,089312	0,0000
1	1329	0,25398	-0,089255	0,0000
1	1330	0,25227	-0,089195	0,0000
1	1331	0,25057	-0,089133	0,0000
1	1332	0,24887	-0,089068	0,0000
1	1333	0,24717	-0,089001	0,0000
1	1334	0,24548	-0,088932	0,0000
1	1335	0,24379	-0,08886	0,0000
1	1336	0,24211	-0,088786	0,0000
1	1337	0,24043	-0,08871	0,0000
1	1338	0,23875	-0,088632	0,0000
1	1339	0,23708	-0,088551	0,0000
1	1340	0,23541	-0,088468	0,0000
1	1341	0,23375	-0,088382	0,0000
1	1342	0,23209	-0,088294	0,0000
1	1343	0,23043	-0,088204	0,0000
1	1344	0,22878	-0,088111	0,0000
1	1345	0,22713	-0,088016	0,0000
1	1346	0,22549	-0,087919	0,0000
1	1347	0,22385	-0,087819	0,0000
1	1348	0,22221	-0,087717	0,0000
1	1349	0,22058	-0,087613	0,0000
1	1350	0,21896	-0,087506	0,0000
1	1351	0,21734	-0,087397	0,0000
1	1352	0,21572	-0,087286	0,0000
1	1353	0,21411	-0,087172	0,0000
1	1354	0,2125	-0,087056	0,0000
1	1355	0,21089	-0,086937	0,0000
1	1356	0,20929	-0,086817	0,0000
1	1357	0,2077	-0,086693	0,0000
1	1358	0,20611	-0,086568	0,0000
1	1359	0,20452	-0,08644	0,0000
1	1360	0,20294	-0,08631	0,0000
1	1361	0,20136	-0,086177	0,0000
1	1362	0,19979	-0,086042	0,0000
1	1363	0,19822	-0,085905	0,0000
1	1364	0,19666	-0,085765	0,0000
1	1365	0,1951	-0,085623	0,0000
1	1366	0,19355	-0,085478	0,0000
1	1367	0,192	-0,085332	0,0000
1	1368	0,19045	-0,085182	0,0000
1	1369	0,18891	-0,085031	0,0000
1	1370	0,18738	-0,084877	0,0000
1	1371	0,18585	-0,084721	0,0000
1	1372	0,18432	-0,084562	0,0000
1	1373	0,1828	-0,084402	0,0000
1	1374	0,18129	-0,084238	0,0000
1	1375	0,17978	-0,084073	0,0000
1	1376	0,17827	-0,083905	0,0000
1	1377	0,17677	-0,083735	0,0000
1	1378	0,17528	-0,083562	0,0000
1	1379	0,17379	-0,083387	0,0000
1	1380	0,1723	-0,08321	0,0000
1	1381	0,17082	-0,08303	0,0000
1	1382	0,16934	-0,082848	0,0000
1	1383	0,16787	-0,082664	0,0000
1	1384	0,16641	-0,082478	0,0000
1	1385	0,16495	-0,082289	0,0000
1	1386	0,16349	-0,082098	0,0000
1	1387	0,16204	-0,081904	0,0000
1	1388	0,1606	-0,081708	0,0000
1	1389	0,15916	-0,08151	0,0000
1	1390	0,15773	-0,08131	0,0000
1	1391	0,1563	-0,081107	0,0000
1	1392	0,15487	-0,080902	0,0000
1	1393	0,15346	-0,080695	0,0000
1	1394	0,15204	-0,080485	0,0000
1	1395	0,15064	-0,080273	0,0000
1	1396	0,14923	-0,080059	0,0000
1	1397	0,14784	-0,079843	0,0000
1	1398	0,14645	-0,079624	0,0000
1	1399	0,14506	-0,079403	0,0000
1	1400	0,14368	-0,07918	0,0000
1	1401	0,14231	-0,078954	0,0000
1	1402	0,14094	-0,078727	0,0000
1	1403	0,13957	-0,078497	0,0000
1	1404	0,13822	-0,078264	0,0000
1	1405	0,13686	-0,07803	0,0000
1	1406	0,13552	-0,077793	0,0000
1	1407	0,13417	-0,077554	0,0000
1	1408	0,13284	-0,077313	0,0000
1	1409	0,13151	-0,07707	0,0000
1	1410	0,13018	-0,076824	0,0000
1	1411	0,12887	-0,076576	0,0000
1	1412	0,12755	-0,076326	0,0000
1	1413	0,12625	-0,076074	0,0000
1	1414	0,12494	-0,07582	0,0000
1	1415	0,12365	-0,075563	0,0000
1	1416	0,12236	-0,075304	0,0000
1	1417	0,12108	-0,075043	0,0000
1	1418	0,1198	-0,07478	0,0000
1	1419	0,11852	-0,074515	0,0000
1	1420	0,11726	-0,074248	0,0000
1	1421	0,116	-0,073978	0,0000
1	1422	0,11474	-0,073706	0,0000
1	1423	0,11349	-0,073433	0,0000
1	1424	0,11225	-0,073157	0,0000
1	1425	0,11102	-0,072878	0,0000
1	1426	0,10978	-0,072598	0,0000
1	1427	0,10856	-0,072316	0,0000
1	1428	0,10734	-0,072032	0,0000
1	1429	0,10613	-0,071745	0,0000
1	1430	0,10492	-0,071456	0,0000
1	1431	0,10372	-0,071166	0,0000
1	1432	0,10253	-0,070873	0,0000
1	1433	0,10134	-0,070578	0,0000
1	1434	0,10016	-0,070281	0,0000
1	1435	0,098982	-0,069982	0,0000
1	1436	0,097812	-0,069681	0,0000
1	1437	0,096649	-0,069378	0,0000
1	1438	0,095492	-0,069073	0,0000
1	1439	0,094341	-0,068766	0,0000
1	1440	0,093196	-0,068457	0,0000
1	1441	0,092057	-0,068146	0,0000
1	1442	0,090925	-0,067833	0,0000
1	1443	0,089799	-0,067518	0,0000
1	1444	0,08868	-0,067201	0,0000
1	1445	0,087567	-0,066882	0,0000
1	1446	0,08646	-0,066561	0,0000
1	1447	0,085359	-0,066238	0,0000
1	1448	0,084265	-0,065913	0,0000
1	1449	0,083178	-0,065586	0,0000
1	1450	0,082096	-0,065257	0,0000
1	1451	0,081022	-0,064926	0,0000
1	1452	0,079953	-0,064594	0,0000
1	1453	0,078891	-0,064259	0,0000
1	1454	0,077836	-0,063923	0,0000
1	1455	0,076787	-0,063584	0,0000
1	1456	0,075745	-0,063244	0,0000
1	1457	0,074709	-0,062902	0,0000
1	1458	0,07368	-0,062558	0,0000
1	1459	0,072657	-0,062212	0,0000
1	1460	0,071641	-0,061865	0,0000
1	1461	0,070632	-0,061515	0,0000
1	1462	0,069629	-0,061164	0,0000
1	1463	0,068633	-0,06081	0,0000
1	1464	0,067643	-0,060455	0,0000
1	1465	0,06666	-0,060099	0,0000
1	1466	0,065684	-0,05974	0,0000
1	1467	0,064715	-0,05938	0,0000
1	1468	0,063752	-0,059017	0,0000
1	1469	0,062796	-0,058653	0,0000
1	1470	0,061847	-0,058288	0,0000
1	1471	0,060904	-0,05792	0,0000
1	1472	0,059968	-0,057551	0,0000
1	1473	0,059039	-0,05718	0,0000
1	1474	0,058117	-0,056808	0,0000
1	1475	0,057202	-0,056433	0,0000
1	1476	0,056293	-0,056057	0,0000
1	1477	0,055392	-0,055679	0,0000
1	1478	0,054497	-0,0553	0,0000
1	1479	0,053609	-0,054919	0,0000
1	1480	0,052728	-0,054536	0,0000
1	1481	0,051853	-0,054151	0,0000
1	1482	0,050986	-0,053765	0,0000
1	1483	0,050126	-0,053377	0,0000
1	1484	0,049272	-0,052988	0,0000
1	1485	0,048426	-0,052597	0,0000
1	1486	0,047586	-0,052204	0,0000
1	1487	0,046754	-0,05181	0,0000
1	1488	0,045928	-0,051414	0,0000
1	1489	0,04511	-0,051017	0,0000
1	1490	0,044298	-0,050618	0,0000
1	1491	0,043494	-0,050217	0,0000
1	1492	0,042696	-0,049815	0,0000
1	1493	0,041906	-0,049411	0,0000
1	1494	0,041123	-0,049006	0,0000
1	1495	0,040346	-0,048599	0,0000
1	1496	0,039577	-0,048191	0,0000
1	1497	0,038815	-0,047781	0,0000
1	1498	0,03806	-0,04737	0,0000
1	1499	0,037312	-0,046957	0,0000
1	1500	0,036572	-0,046542	0,0000
1	1501	0,035838	-0,046127	0,0000
1	1502	0,035112	-0,045709	0,0000
1	1503	0,034393	-0,045291	0,0000
1	1504	0,03368	-0,04487	0,0000
1	1505	0,032976	-0,044449	0,0000
1	1506	0,032278	-0,044026	0,0000
1	1507	0,031588	-0,043601	0,0000
1	1508	0,030904	-0,043175	0,0000
1	1509	0,030228	-0,042748	0,0000
1	1510	0,02956	-0,042319	0,0000
1	1511	0,028898	-0,041889	0,0000
1	1512	0,028244	-0,041458	0,0000
1	1513	0,027597	-0,041025	0,0000
1	1514	0,026957	-0,04059	0,0000
1	1515	0,026325	-0,040155	0,0000
1	1516	0,0257	-0,039718	0,0000
1	1517	0,025082	-0,03928	0,0000
1	1518	0,024472	-0,03884	0,0000
1	1519	0,023869	-0,038399	0,0000
1	1520	0,023273	-0,037957	0,0000
1	1521	0,022685	-0,037513	0,0000
1	1522	0,022103	-0,037068	0,0000
1	1523	0,02153	-0,036622	0,0000
1	1524	0,020964	-0,036175	0,0000
1	1525	0,020405	-0,035726	0,0000
1	1526	0,019853	-0,035276	0,0000
1	1527	0,019309	-0,034825	0,0000
1	1528	0,018772	-0,034372	0,0000
1	1529	0,018243	-0,033919	0,0000
1	1530	0,017721	-0,033464	0,0000
1	1531	0,017207	-0,033008	0,0000
1	1532	0,0167	-0,03255	0,0000
1	1533	0,0162	-0,032092	0,0000
1	1534	0,015708	-0,031632	0,0000
1	1535	0,015224	-0,031171	0,0000
1	1536	0,014747	-0,030709	0,0000
1	1537	0,014277	-0,030245	0,0000
1	1538	0,013815	-0,029781	0,0000
1	1539	0,01336	-0,029315	0,0000
1	1540	0,012913	-0,028848	0,0000
1	1541	0,012474	-0,02838	0,0000
1	1542	0,012042	-0,027911	0,0000
1	1543	0,011617	-0,027441	0,0000
1	1544	0,0112	-0,026969	0,0000
1	1545	0,010791	-0,026497	0,0000
1	1546	0,010389	-0,026023	0,0000
1	1547	0,0099942	-0,025549	0,0000
1	1548	0,0096074	-0,025073	0,0000
1	1549	0,0092281	-0,024596	0,0000
1	1550	0,0088564	-0,024118	0,0000
1	1551	0,0084922	-0,023639	0,0000
1	1552	0,0081357	-0,023158	0,0000
1	1553	0,0077867	-0,022677	0,0000
1	1554	0,0074453	-0,022195	0,0000
1	1555	0,0071116	-0,021711	0,0000
1	1556	0,0067854	-0,021227	0,0000
1	1557	0,0064668	-0,020742	0,0000
1	1558	0,0061558	-0,020255	0,0000
1	1559	0,0058525	-0,019768	0,0000
1	1560	0,0055568	-0,019279	0,0000
1	1561	0,0052686	-0,018789	0,0000
1	1562	0,0049882	-0,018299	0,0000
1	1563	0,0047153	-0,017807	0,0000
1	1564	0,0044501	-0,017314	0,0000
1	1565	0,0041926	-0,016821	0,0000
1	1566	0,0039426	-0,016326	0,0000
1	1567	0,0037004	-0,015831	0,0000
1	1568	0,0034658	-0,015334	0,0000
1	1569	0,0032388	-0,014836	0,0000
1	1570	0,0030195	-0,014338	0,0000
1	1571	0,0028079	-0,013838	0,0000
1	1572	0,0026039	-0,013338	0,0000
1	1573	0,0024076	-0,012837	0,0000
1	1574	0,002219	-0,012334	0,0000
1	1575	0,0020381	-0,011831	0,0000
1	1576	0,0018648	-0,011326	0,0000
1	1577	0,0016992	-0,010821	0,0000
1	1578	0,0015413	-0,010315	0,0000
1	1579	0,0013911	-0,009808	0,0000
1	1580	0,0012486	-0,0092999	0,0000
1	1581	0,0011138	-0,008791	0,0000
1	1582	0,00098664	-0,0082811	0,0000
1	1583	0,00086719	-0,0077703	0,0000
1	1584	0,00075545	-0,0072585	0,0000
1	1585	0,00065141	-0,0067459	0,0000
1	1586	0,00055506	-0,0062324	0,0000
1	1587	0,00046642	-0,0057179	0,0000
1	1588	0,00038548	-0,0052026	0,0000
1	1589	0,00031225	-0,0046863	0,0000
1	1590	0,00024672	-0,0041692	0,0000
1	1591	0,0001889	-0,0036511	0,0000
1	1592	0,00013878	-0,0031322	0,0000
1	1593	9,64E-05	-0,0026124	0,0000
1	1594	6,17E-05	-0,0020916	0,0000
1	1595	3,47E-05	-0,0015701	0,0000
1	1596	1,54E-05	-0,0010476	0,0000
1	1597	3,86E-06	-0,00052423	0,0000
1	0	0	0	0,0000
